----- ligand_0 -----
   5         -8.5      1.788      2.381
   6         -8.5      3.522      4.895
   7         -8.1      2.808      9.756
   8         -8.1      2.311      3.516
   9         -8.0      4.399     11.621
----- ligand_1 -----
   5        -10.0      4.477     11.989
   6         -9.8      4.525      7.540
   7         -9.5      2.595      3.267
   8         -9.2      6.535     13.108
   9         -9.0      2.539      3.007
----- ligand_2 -----
   5         -6.8      1.718      6.141
   6         -6.8      1.041      2.378
   7         -6.7      2.107      2.694
   8         -6.3      2.417      3.538
   9         -6.2      1.605      2.503
----- ligand_3 -----
   5         -9.1      2.301     10.737
   6         -8.8      1.714      2.167
   7         -8.7      3.686     12.863
   8         -8.7      2.617      3.808
   9         -8.6      3.116     11.202
